0
0
0
0
247.751
248.336
248.735
249.348
249.819
250.744
251.119
252.02
252.146
253.151
254.076
254.414
254.982
255.897
256.512
257.494
258.681
259.013
259.531
260.451
261.038
262.111
262.56
263.456
264.36
264.875
265.555
266.387
267.018
267.751
268.29
269.12
269.853
270.609
271.266
272.227
272.794
273.681
274.12
265.219
266.539
266.753
267.198
268.502
268.939
269.626
270.065
271.181
271.595
272.766
272.93
273.39
274.844
274.828
276.072
276.501
277.774
278.706
278.706
279.816
279.816
281.951
283.233
283.533
284.871
285.218
286.387
287.291
287.892
288.352
289.345
289.967
290.413
291.495
292.352
292.369
294.001
294.495
294.737
295.991
296.745
297.352
298.115
298.713
299.606
300.502
301.227
302.01
302.765
303.176
304.429
304.74
305.759
306.076
306.776
308.032
308.349
308.982
310.672
310.816
311.278
312.043
312.806
313.881
314.184
315.121
315.874
316.323
317.289
318.084
318.52
319.692
320.209
320.919
322.083
322.63
323.225
324.438
325.435
326.106
327.358
327.652
328.232
329.192
330.088
330.792
331.57
332.746
333.832
334.37
334.741
336.206
336.591
337.733
338.098
339.651
339.866
340.545
341.695
341.702
343.143
343.78
344.83
345.314
346.657
347.109
347.8
348.493
349.686
350.763
350.915
352.544
352.795
354.127
354.269
355.512
355.974
356.644
357.753
358.656
359.471
0.0972284
0.899248
0.899248
0.899248
3.69848
5.20336
6.15371
6.427
7.71968
8.17046
9.13365
9.76498
10.7404
12.0281
12.5205
13.7756
14.2908
14.5861
16.4371
16.8
18.4536
18.5993
19.4139
20.6354
21.326
21.7832
23.1148
23.4406
24.6075
25.4797
25.9016
27.0265
27.7395
28.5467
29.1913
30.1162
31.1519
31.4764
32.8784
33.1388
34.9327
35.047
36.0954
36.0998
37.5872
37.9909
38.9354
40.231
40.8481
41.3912
42.2256
43.2341
44.0336
44.8695
45.6779
46.5109
47.0029
48.1832
48.9991
48.9936
50.5195
50.9341
51.4238
52.5461
53.1546
54.3711
55.5984
56.833
57.2839
58.6182
59.4912
60.1113
61.0548
62.1059
62.9471
64.5407
64.9296
66.3194
66.9602
68.3067
68.7036
69.6361
70.4109
71.6393
72.5263
73.206
74.5344
75.4436
76.6915
77.283
78.2263
79.1343
79.9853
81.0857
81.6296
82.825
83.6761
83.6761
83.6761
83.6761
83.6761
83.6761
83.6761
83.6761
83.6761
83.6761
83.6761
83.6761
83.6761
83.6761
83.6761
83.6761
83.6761
83.6761
83.6761
83.6761
83.6761
83.6761
83.6761
83.6761
95.595